10
285 -144 334 -51 -12 0 -17 92 -481 356 -107 70
9
365 249 -48 -440 84 -482 -190 108 -461 157 -96 184
4
479 202 -294 -300 373 -429 89 -156 -43 63 44 136
2
-316 -129 -417 -344 100 -38 -8 306 -70 87 -113 -197
8
-421 341 -443 -66 243 355 443 254 232 -258 -334 270
1
-78 -424 -409 -84 -166 206 417 -14 399 -295 -375 -29
-1
481 441 -263 -285 424 -69 -385 113 -79 -370 222 318
-5
 5 -52 -207 42 -442 -33 125 -137 300 463 -85 -262
-3
-74 240 183 124 386 143 -469 -373 221 -500 378 -369
0
-287 38 167 -451 -3 214 413 302 -322 -105 -159 -274