91 109 -153 -351 198 -7 257 -124 269 -406 -340 180
-200 -333 384 346 114 303 152 26 340 -104 359 -9
-176 -450 34 403 54 -215 -367 60 -372 -90 -23 -131
-276 -497 -376 282 487 -98 -349 12 81 -94 -347 -93
-313 -35 -307 98 -329 -175 -108 -76 212 10 -433 432
 35 379 -299 244 -25 -171 -162 -292 -189 -99 405 -53
431 -392 -379 -187 -480 -191 196 179 112 380 -110 -387
-128 -34 313 266 -202 -139 -140 -226 66 -57 220 -335
453 348 -220 484 -435 156 -83 -358 -268 -111 -254 -275
140 283 -306 51 -161 -177 -233 258 -496 218 -62 467
22 20 18 17 16 15 14 13 12 11 10 9 8