5 10
-430 468 -241 16 -466 -117 -475 428 264 -165 457 -143
-114 178 150 99 27 -330 224 229 75 -498 -214 203
6 7
197 -471 -499 -160 -204 -146 -253 485 272 118 -491 -28
263 488 -271 31 -386 -304 460 -428 -126 369 37 -403
0 -3
165 -135 385 -426 -400 -437 -217 477 305 -5 347 -67
412 122 -459 391 290 287 217 -145 -423 102 49 -13
-1 1
383 45 322 -221 397 -390 1 -121 6 376 -353 231
410 211 -393 170 352 -339 -494 -431 -464 -127 77 -462
2 8
450 -11 -246 247 -169 304 -381 -230 -42 -55 -6 148
-56 437 -148 395 -186 -109 337 -288 344 -427 -457 -488
3 -5
 48 171 -75 94 296 370 201 286 101 316 104 -225
-227 411 253 -255 458 327 482 234 -20 126 415 323
-4 9
-88 -397 -272 -237 116 -102 317 -364 103 345 -371 -456
-305 -485 -411 154 59 172 -396 -489 462 274 50 176
-2 4
191 -46 -36 46 153 -198 130 -256 -422 182 -314 187
377 95 22 -341 -380 392 435 -283 25 362 -72 301
5 8
465 425 -368 236 320 351 -1 -278 -479 342 -312 23
134 131 -449 -378 -261 138 -318 -492 250 -155 -290 -178
0 4
149 15 -30 404 -266 -174 194 469 -223 169 -228 -267
 14 297 213 271 430 162 426 -444 -119 -257 -453 309